1765346981.939620913 -15 1 1.5 -15 1 1.84174
1765346981.949407031 -15 1 1.5 -15 1 1.82372
1765346981.959592839 -15 1 1.5 -15 1 1.80486
1765346981.969427082 -15 1 1.5 -15 1 1.78546
1765346981.979492352 -15 1 1.5 -15 1 1.76583
1765346981.989862997 -15 1 1.5 -15 1 1.74822
1765346982.000036691 -15 1 1.5 -15 1 1.72895
1765346982.010534478 -15 1 1.5 -15 1 1.71206
1765346982.020441981 -15 1 1.5 -15 1 1.69216
1765346982.030085585 -15 1 1.5 -15 1 1.68001
1765346982.040112665 -15 1 1.5 -15 1 1.66341
1765346982.050682028 -15 1 1.5 -15 1 1.64928
1765346982.059415364 -15 1 1.5 -15 1 1.63595
1765346982.073598204 -15 1 1.5 -15 1 1.62073
1765346982.080020212 -15 1 1.5 -15 1 1.61042
1765346982.090697628 -15 1 1.5 -15 1 1.5984
1765346982.099856374 -15 1 1.5 -15 1 1.58731
1765346982.109671184 -15 1 1.5 -15 1 1.57712
1765346982.119784854 -15 1 1.5 -15 1 1.56778
1765346982.129648373 -15 1 1.5 -15 1 1.55925
1765346982.139742057 -15 1 1.5 -15 1 1.55146
1765346982.149749170 -15 1 1.5 -15 1 1.54437
1765346982.159640548 -15 1 1.5 -15 1 1.53793
1765346982.169766345 -15 1 1.5 -15 1 1.53209
1765346982.179627098 -15 1 1.5 -15 1 1.52681
1765346982.189585983 -15 1 1.5 -15 1 1.52203
1765346982.199582960 -15 1 1.5 -15 1 1.51897
1765346982.209651856 -15 1 1.5 -15 1 1.51496
1765346982.220763382 -15 1 1.5 -15 1 1.51204
1765346982.229505014 -15 1 1.5 -15 1 1.50936
1765346982.245221821 -15 1 1.5 -15 1 1.50631
1765346982.251419800 -15 1 1.5 -15 1 1.5041
1765346982.263568967 -15 1 1.5 -15 1 1.50257
1765346982.269934143 -15 1 1.5 -15 1 1.50112
1765346982.280266197 -15 1 1.5 -15 1 1.49888
1765346982.291214217 -15 1 1.5 -15 1 1.49721
1765346982.300342652 -15 1 1.5 -15 1 1.49584
1765346982.310097097 -15 1 1.5 -15 1 1.49436
1765346982.321490535 -15 1 1.5 -15 1 1.4928
1765346982.332105647 -15 1 1.5 -15 1 1.49135
1765346982.341219816 -15 1 1.5 -15 1 1.48999
1765346982.349634943 -15 1 1.5 -15 1 1.48914
1765346982.361196667 -15 1 1.5 -15 1 1.48781
1765346982.369970578 -15 1 1.5 -15 1 1.48658
1765346982.380277477 -15 1 1.5 -15 1 1.48544
1765346982.391679129 -15 1 1.5 -15 1 1.48471
1765346982.403505094 -15 1 1.5 -15 1 1.48401
1765346982.411668218 -15 1 1.5 -15 1 1.48335
1765346982.421050977 -15 1 1.5 -15 1 1.48274
1765346982.443142783 -15 1 1.5 -15 1 1.48216
1765346982.445200784 -15 1 1.5 -15 1 1.48216
1765346982.445447200 -15 1 1.5 -15 1 1.48216
1765346982.455523970 -15 1 1.5 -15 1 1.48185
1765346982.469601174 -15 1 1.5 -15 1 1.48162
1765346982.470535889 -15 1 1.5 -15 1 1.48133
1765346982.483139100 -15 1 1.5 -15 1 1.48077
1765346982.491381781 -15 1 1.5 -15 1 1.48032
1765346982.499983221 -15 1 1.5 -15 1 1.4799
1765346982.509765506 -15 1 1.5 -15 1 1.47941
1765346982.519416887 -15 1 1.5 -15 1 1.47891
1765346982.529657310 -15 1 1.5 -15 1 1.47846
1765346982.541191164 -15 1 1.5 -15 1 1.47811
1765346982.553839291 -15 1 1.5 -15 1 1.47782
1765346982.565679596 -15 1 1.5 -15 1 1.47769
1765346982.571565522 -15 1 1.5 -15 1 1.47753
1765346982.583139524 -15 1 1.5 -15 1 1.47725
1765346982.590050043 -15 1 1.5 -15 1 1.47703
1765346982.600495684 -15 1 1.5 -15 1 1.47688
1765346982.613098266 -15 1 1.5 -15 1 1.47674
1765346982.619919736 -15 1 1.5 -15 1 1.47664
1765346982.629204150 -15 1 1.5 -15 1 1.47652
1765346982.640705418 -15 1 1.5 -15 1 1.47641
1765346982.649172433 -15 1 1.5 -15 1 1.47632
1765346982.659366655 -15 1 1.5 -15 1 1.47624
1765346982.670430463 -15 1 1.5 -15 1 1.47619
1765346982.679344812 -15 1 1.5 -15 1 1.47617
1765346982.690220619 -15 1 1.5 -15 1 1.47615
1765346982.700708043 -15 1 1.5 -15 1 1.47615
1765346982.710996470 -15 1 1.5 -15 1 1.47616
1765346982.721639383 -15 1 1.5 -15 1 1.47618
1765346982.731779437 -15 1 1.5 -15 1 1.47621
1765346982.740236662 -15 1 1.5 -15 1 1.47623
1765346982.751241411 -15 1 1.5 -15 1 1.47627
1765346982.759615862 -15 1 1.5 -15 1 1.47633
1765346982.770140626 -15 1 1.5 -15 1 1.4764
1765346982.780037606 -15 1 1.5 -15 1 1.47647
1765346982.790271766 -15 1 1.5 -15 1 1.47657
1765346982.799380748 -15 1 1.5 -15 1 1.47667
1765346982.810794249 -15 1 1.5 -15 1 1.47678
1765346982.820984416 -15 1 1.5 -15 1 1.47687
1765346982.830871085 -15 1 1.5 -15 1 1.47697
1765346982.840439152 -15 1 1.5 -15 1 1.47708
1765346982.849747668 -15 1 1.5 -15 1 1.47721
1765346982.860073729 -15 1 1.5 -15 1 1.47735
1765346982.871681417 -15 1 1.5 -15 1 1.47748
1765346982.879855593 -15 1 1.5 -15 1 1.47762
1765346982.889638086 -15 1 1.5 -15 1 1.47777
1765346982.899467278 -15 1 1.5 -15 1 1.47791
1765346982.910893017 -15 1 1.5 -15 1 1.47806
1765346982.919739505 -15 1 1.5 -15 1 1.47821
1765346982.929573072 -15 1 1.5 -15 1 1.47836
1765346982.939853859 -15 1 1.5 -15 1 1.47851
1765346982.949692100 -15 1 1.5 -15 1 1.47866
1765346982.959585265 -15 1 1.5 -15 1 1.47882
1765346982.970660923 -15 1 1.5 -15 1 1.47897
1765346982.979447435 -15 1 1.5 -15 1 1.47911
1765346982.990093014 -15 1 1.5 -15 1 1.47928
1765346982.999873222 -15 1 1.5 -15 1 1.47942
1765346983.009907067 -15 1 1.5 -15 1 1.47957
1765346983.020078303 -15 1 1.5 -15 1 1.47973
1765346983.029988722 -15 1 1.5 -15 1 1.47983
1765346983.039493599 -15 1 1.5 -15 1 1.47999
1765346983.049762742 -15 1 1.5 -15 1 1.48014
1765346983.059272078 -15 1 1.5 -15 1 1.48029
1765346983.069474083 -15 1 1.5 -15 1 1.48045
1765346983.079551112 -15 1 1.5 -15 1 1.4806
1765346983.089885695 -15 1 1.5 -15 1 1.48075
1765346983.099792133 -15 1 1.5 -15 1 1.4809
1765346983.109562874 -15 1 1.5 -15 1 1.48105
1765346983.119961209 -15 1 1.5 -15 1 1.48117
1765346983.129385388 -15 1 1.5 -15 1 1.48129
1765346983.141834401 -15 1 1.5 -15 1 1.48139
1765346983.150388907 -15 1 1.5 -15 1 1.48149
1765346983.159822928 -15 1 1.5 -15 1 1.48162
1765346983.170187336 -15 1 1.5 -15 1 1.48177
1765346983.181012407 -15 1 1.5 -15 1 1.48191
1765346983.189600650 -15 1 1.5 -15 1 1.48205
1765346983.199784196 -15 1 1.5 -15 1 1.4822
1765346983.209701527 -15 1 1.5 -15 1 1.48231
1765346983.220871193 -15 1 1.5 -15 1 1.48244
1765346983.229532441 -15 1 1.5 -15 1 1.48257
1765346983.240466217 -15 1 1.5 -15 1 1.4827
1765346983.250403581 -15 1 1.5 -15 1 1.48285
1765346983.259786375 -15 1 1.5 -15 1 1.48297
1765346983.271932290 -15 1 1.5 -15 1 1.48311
1765346983.280149799 -15 1 1.5 -15 1 1.48322
1765346983.289486713 -15 1 1.5 -15 1 1.48331
1765346983.300504494 -15 1 1.5 -15 1 1.48343
1765346983.311015439 -15 1 1.5 -15 1 1.48356
1765346983.322313795 -15 1 1.5 -15 1 1.48368
1765346983.330233776 -15 1 1.5 -15 1 1.48382
1765346983.339867563 -15 1 1.5 -15 1 1.48394
1765346983.349466338 -15 1 1.5 -15 1 1.48407
1765346983.360685530 -15 1 1.5 -15 1 1.48415
1765346983.371437679 -15 1 1.5 -15 1 1.48424
1765346983.380749014 -15 1 1.5 -15 1 1.48437
1765346983.390066457 -15 1 1.5 -15 1 1.48446
1765346983.399835441 -15 1 1.5 -15 1 1.48457
1765346983.410320195 -15 1 1.5 -15 1 1.48469
1765346983.420373759 -15 1 1.5 -15 1 1.48479
1765346983.429595778 -15 1 1.5 -15 1 1.48487
1765346983.443168613 -15 1 1.5 -15 1 1.48498
1765346983.449290750 -15 1 1.5 -15 1 1.4851
1765346983.462887322 -15 1 1.5 -15 1 1.48521
1765346983.469168410 -15 1 1.5 -15 1 1.4853
1765346983.479290534 -15 1 1.5 -15 1 1.48542
1765346983.489822952 -15 1 1.5 -15 1 1.48553
1765346983.499444135 -15 1 1.5 -15 1 1.48563
1765346983.509718110 -15 1 1.5 -15 1 1.48576
1765346983.519272380 -15 1 1.5 -15 1 1.48584
1765346983.530336881 -15 1 1.5 -15 1 1.48596
1765346983.539296910 -15 1 1.5 -15 1 1.48603
1765346983.549532558 -15 1 1.5 -15 1 1.48614
1765346983.561494160 -15 1 1.5 -15 1 1.48625
1765346983.572191141 -15 1 1.5 -15 1 1.48634
1765346983.579994086 -15 1 1.5 -15 1 1.48642
1765346983.589625361 -15 1 1.5 -15 1 1.48653
1765346983.600567760 -15 1 1.5 -15 1 1.48664
1765346983.612879038 -15 1 1.5 -15 1 1.48671
1765346983.620555244 -15 1 1.5 -15 1 1.48678
1765346983.630197378 -15 1 1.5 -15 1 1.48687
1765346983.639802372 -15 1 1.5 -15 1 1.48696
1765346983.652211557 -15 1 1.5 -15 1 1.48706
1765346983.659527662 -15 1 1.5 -15 1 1.48714
1765346983.669426279 -15 1 1.5 -15 1 1.48725
1765346983.679155962 -15 1 1.5 -15 1 1.48733
1765346983.690197540 -15 1 1.5 -15 1 1.48741
1765346983.700042644 -15 1 1.5 -15 1 1.48748
1765346983.709266199 -15 1 1.5 -15 1 1.48758
1765346983.720012665 -15 1 1.5 -15 1 1.48767
1765346983.730326822 -15 1 1.5 -15 1 1.48775
1765346983.740005277 -15 1 1.5 -15 1 1.48782
1765346983.749993917 -15 1 1.5 -15 1 1.4879
1765346983.762057263 -15 1 1.5 -15 1 1.488
1765346983.769591548 -15 1 1.5 -15 1 1.48807
1765346983.781368232 -15 1 1.5 -15 1 1.48816
1765346983.790415859 -15 1 1.5 -15 1 1.48827
1765346983.801321247 -15 1 1.5 -15 1 1.48833
1765346983.810433727 -15 1 1.5 -15 1 1.48843
1765346983.819653249 -15 1 1.5 -15 1 1.4885
1765346983.829437691 -15 1 1.5 -15 1 1.48859
1765346983.840138998 -15 1 1.5 -15 1 1.48865
1765346983.849677826 -15 1 1.5 -15 1 1.48873
1765346983.860276151 -15 1 1.5 -15 1 1.48878
1765346983.869752182 -15 1 1.5 -15 1 1.48887
1765346983.881600089 -15 1 1.5 -15 1 1.48896
1765346983.889018768 -15 1 1.5 -15 1 1.48903
1765346983.901190250 -15 1 1.5 -15 1 1.48912
1765346983.910915353 -15 1 1.5 -15 1 1.48917
1765346983.923333085 -15 1 1.5 -15 1 1.48924
1765346983.929585308 -15 1 1.5 -15 1 1.48933
1765346983.940296743 -15 1 1.5 -15 1 1.48939
1765346983.949213042 -15 1 1.5 -15 1 1.48945
1765346983.959419186 -15 1 1.5 -15 1 1.48954
1765346983.970637653 -15 1 1.5 -15 1 1.48961
1765346983.979727612 -15 1 1.5 -15 1 1.48967
1765346983.991158296 -15 1 1.5 -15 1 1.48976
1765346984.001656781 -15 1 1.5 -15 1 1.48984
1765346984.013220875 -15 1 1.5 -15 1 1.48992
1765346984.019625650 -15 1 1.5 -15 1 1.49
1765346984.029459708 -15 1 1.5 -15 1 1.49007
1765346984.040884445 -15 1 1.5 -15 1 1.49015
1765346984.050402719 -15 1 1.5 -15 1 1.49023
1765346984.059489087 -15 1 1.5 -15 1 1.4903
1765346984.069143800 -15 1 1.5 -15 1 1.49037
1765346984.079644911 -15 1 1.5 -15 1 1.49045
1765346984.089516745 -15 1 1.5 -15 1 1.49053
1765346984.100830250 -15 1 1.5 -15 1 1.4906
1765346984.111006596 -15 1 1.5 -15 1 1.49066
1765346984.124967772 -15 1 1.5 -15 1 1.49073
1765346984.129334644 -15 1 1.5 -15 1 1.49077
1765346984.139871656 -15 1 1.5 -15 1 1.49085
1765346984.149423301 -15 1 1.5 -15 1 1.49092
1765346984.159745153 -15 1 1.5 -15 1 1.49099
1765346984.169443883 -15 1 1.5 -15 1 1.49107
1765346984.179862446 -15 1 1.5 -15 1 1.49113
1765346984.190003040 -15 1 1.5 -15 1 1.4912
1765346984.204670108 -15 1 1.5 -15 1 1.49122
1765346984.215103861 -15 1 1.5 -15 1 1.49124
1765346984.220667700 -15 1 1.5 -15 1 1.49127
1765346984.229368200 -15 1 1.5 -15 1 1.49132
1765346984.239660702 -15 1 1.5 -15 1 1.49139
1765346984.249436516 -15 1 1.5 -15 1 1.49145
1765346984.259343729 -15 1 1.5 -15 1 1.49151
1765346984.269190825 -15 1 1.5 -15 1 1.49158
1765346984.280137628 -15 1 1.5 -15 1 1.49163
1765346984.289464539 -15 1 1.5 -15 1 1.49169
1765346984.299585774 -15 1 1.5 -15 1 1.49175
1765346984.310175699 -15 1 1.5 -15 1 1.49181
1765346984.319691852 -15 1 1.5 -15 1 1.49187
1765346984.330007633 -15 1 1.5 -15 1 1.49194
1765346984.341165961 -15 1 1.5 -15 1 1.49199
1765346984.350467422 -15 1 1.5 -15 1 1.49205
1765346984.360010156 -15 1 1.5 -15 1 1.4921
1765346984.369073664 -15 1 1.5 -15 1 1.49215
1765346984.379207343 -15 1 1.5 -15 1 1.49222
1765346984.389368763 -15 1 1.5 -15 1 1.49227
1765346984.399358800 -15 1 1.5 -15 1 1.49233
1765346984.410157983 -15 1 1.5 -15 1 1.4924
1765346984.419590810 -15 1 1.5 -15 1 1.49245
1765346984.430635945 -15 1 1.5 -15 1 1.49252
1765346984.443206961 -15 1 1.5 -15 1 1.49257
1765346984.452374946 -15 1 1.5 -15 1 1.49258
1765346984.461581335 -15 1 1.5 -15 1 1.49259
1765346984.470168550 -15 1 1.5 -15 1 1.49261
1765346984.479314347 -15 1 1.5 -15 1 1.49266
1765346984.492518917 -15 1 1.5 -15 1 1.49271
1765346984.503960740 -15 1 1.5 -15 1 1.49272
1765346984.512041640 -15 1 1.5 -15 1 1.49276
1765346984.522003572 -15 1 1.5 -15 1 1.49279
1765346984.530399544 -15 1 1.5 -15 1 1.49284
1765346984.540377557 -15 1 1.5 -15 1 1.4929
1765346984.549607698 -15 1 1.5 -15 1 1.49296
1765346984.563646746 -15 1 1.5 -15 1 1.49301
1765346984.572845900 -15 1 1.5 -15 1 1.49302
1765346984.581295091 -15 1 1.5 -15 1 1.49305
1765346984.589691036 -15 1 1.5 -15 1 1.4931
1765346984.600748853 -15 1 1.5 -15 1 1.49313
1765346984.609963559 -15 1 1.5 -15 1 1.49318
1765346984.619154237 -15 1 1.5 -15 1 1.49322
1765346984.629336077 -15 1 1.5 -15 1 1.49328
1765346984.639745806 -15 1 1.5 -15 1 1.49334
1765346984.650795213 -15 1 1.5 -15 1 1.49338
1765346984.659818569 -15 1 1.5 -15 1 1.49343
1765346984.669594858 -15 1 1.5 -15 1 1.49349
1765346984.680378308 -15 1 1.5 -15 1 1.49354
1765346984.689711307 -15 1 1.5 -15 1 1.49359
1765346984.699770658 -15 1 1.5 -15 1 1.49364
1765346984.709506589 -15 1 1.5 -15 1 1.49369
1765346984.719310413 -15 1 1.5 -15 1 1.49374
1765346984.729740702 -15 1 1.5 -15 1 1.49379
1765346984.739225586 -15 1 1.5 -15 1 1.49384
1765346984.749359326 -15 1 1.5 -15 1 1.49389
1765346984.760730953 -15 1 1.5 -15 1 1.49394
1765346984.769188570 -15 1 1.5 -15 1 1.49399
1765346984.781089345 -15 1 1.5 -15 1 1.49403
1765346984.789597137 -15 1 1.5 -15 1 1.49408
1765346984.799210030 -15 1 1.5 -15 1 1.49413
1765346984.809269058 -15 1 1.5 -15 1 1.49418
1765346984.819356625 -15 1 1.5 -15 1 1.49422
1765346984.829267816 -15 1 1.5 -15 1 1.49427
1765346984.839188641 -15 1 1.5 -15 1 1.49432
1765346984.849202307 -15 1 1.5 -15 1 1.49436
1765346984.859939446 -15 1 1.5 -15 1 1.49441
1765346984.869325180 -15 1 1.5 -15 1 1.49445
1765346984.879553869 -15 1 1.5 -15 1 1.49449
1765346984.889304742 -15 1 1.5 -15 1 1.49454
1765346984.899334984 -15 1 1.5 -15 1 1.49458
1765346984.909404144 -15 1 1.5 -15 1 1.49463
1765346984.919823479 -15 1 1.5 -15 1 1.49467
1765346984.929554108 -15 1 1.5 -15 1 1.49471
1765346984.939194574 -15 1 1.5 -15 1 1.49475
1765346984.949519983 -15 1 1.5 -15 1 1.49479
1765346984.959177686 -15 1 1.5 -15 1 1.49484
1765346984.969440626 -15 1 1.5 -15 1 1.49488
1765346984.979752428 -15 1 1.5 -15 1 1.49492
1765346984.989704573 -15 1 1.5 -15 1 1.49496
1765346984.999382285 -15 1 1.5 -15 1 1.495
1765346985.009629199 -15 1 1.5 -15 1 1.49504
1765346985.019433536 -15 1 1.5 -15 1 1.49508
1765346985.029385352 -15 1 1.5 -15 1 1.49512
1765346985.039861254 -15 1 1.5 -15 1 1.49516
1765346985.049668641 -15 1 1.5 -15 1 1.4952
1765346985.059399721 -15 1 1.5 -15 1 1.49523
1765346985.069487327 -15 1 1.5 -15 1 1.49527
1765346985.079770888 -15 1 1.5 -15 1 1.49531
1765346985.089525883 -15 1 1.5 -15 1 1.49535
1765346985.099653673 -15 1 1.5 -15 1 1.49538
1765346985.110413806 -15 1 1.5 -15 1 1.49542
1765346985.119343806 -15 1 1.5 -15 1 1.49546
1765346985.129166881 -15 1 1.5 -15 1 1.49549
1765346985.141163363 -15 1 1.5 -15 1 1.49553
1765346985.149302019 -15 1 1.5 -15 1 1.49557
1765346985.159200117 -15 1 1.5 -15 1 1.4956
1765346985.169330276 -15 1 1.5 -15 1 1.49564
1765346985.179535287 -15 1 1.5 -15 1 1.49567
1765346985.189143887 -15 1 1.5 -15 1 1.49571
1765346985.199040663 -15 1 1.5 -15 1 1.49574
1765346985.209297047 -15 1 1.5 -15 1 1.49577
1765346985.219108139 -15 1 1.5 -15 1 1.49581
1765346985.229344799 -15 1 1.5 -15 1 1.49584
1765346985.239275930 -15 1 1.5 -15 1 1.49587
1765346985.249207336 -15 1 1.5 -15 1 1.49591
1765346985.259308612 -15 1 1.5 -15 1 1.49594
1765346985.270457440 -15 1 1.5 -15 1 1.49597
1765346985.279751224 -15 1 1.5 -15 1 1.496
1765346985.289704736 -15 1 1.5 -15 1 1.49603
1765346985.300077446 -15 1 1.5 -15 1 1.49606
1765346985.309514609 -15 1 1.5 -15 1 1.4961
1765346985.319955266 -15 1 1.5 -15 1 1.49613
1765346985.329281969 -15 1 1.5 -15 1 1.49616
1765346985.339418899 -15 1 1.5 -15 1 1.49619
1765346985.349200516 -15 1 1.5 -15 1 1.49622
1765346985.359258111 -15 1 1.5 -15 1 1.49625
1765346985.369263129 -15 1 1.5 -15 1 1.49628
1765346985.379491118 -15 1 1.5 -15 1 1.49631
1765346985.389440596 -15 1 1.5 -15 1 1.49634
1765346985.399252670 -15 1 1.5 -15 1 1.49637
1765346985.409232199 -15 1 1.5 -15 1 1.4964
1765346985.420557955 -15 1 1.5 -15 1 1.49643
1765346985.429389687 -15 1 1.5 -15 1 1.49645
1765346985.439476824 -15 1 1.5 -15 1 1.49648
1765346985.449779983 -15 1 1.5 -15 1 1.49651
1765346985.459345163 -15 1 1.5 -15 1 1.49654
1765346985.469305177 -15 1 1.5 -15 1 1.49657
1765346985.479552516 -15 1 1.5 -15 1 1.49659
1765346985.489311205 -15 1 1.5 -15 1 1.49662
1765346985.499251758 -15 1 1.5 -15 1 1.49665
1765346985.509085922 -15 1 1.5 -15 1 1.49667
1765346985.519264347 -15 1 1.5 -15 1 1.4967
1765346985.529286249 -15 1 1.5 -15 1 1.49673
1765346985.539117059 -15 1 1.5 -15 1 1.49675
1765346985.549880467 -15 1 1.5 -15 1 1.49678
1765346985.559386314 -15 1 1.5 -15 1 1.4968
1765346985.569105483 -15 1 1.5 -15 1 1.49683
1765346985.579556568 -15 1 1.5 -15 1 1.49686
1765346985.589260112 -15 1 1.5 -15 1 1.49688
1765346985.599294131 -15 1 1.5 -15 1 1.49691
1765346985.609183319 -15 1 1.5 -15 1 1.49693
1765346985.619390826 -15 1 1.5 -15 1 1.49695
1765346985.629381327 -15 1 1.5 -15 1 1.49698
1765346985.639402703 -15 1 1.5 -15 1 1.497
1765346985.649156420 -15 1 1.5 -15 1 1.49703
1765346985.659603542 -15 1 1.5 -15 1 1.49705
1765346985.669200905 -15 1 1.5 -15 1 1.49707
1765346985.679219168 -15 1 1.5 -15 1 1.4971
1765346985.689248033 -15 1 1.5 -15 1 1.49712
1765346985.699204227 -15 1 1.5 -15 1 1.49714
1765346985.709186454 -15 1 1.5 -15 1 1.49717
1765346985.719638126 -15 1 1.5 -15 1 1.49719
1765346985.729257550 -15 1 1.5 -15 1 1.49721
1765346985.739311918 -15 1 1.5 -15 1 1.49723
1765346985.749433536 -15 1 1.5 -15 1 1.49726
1765346985.759500503 -15 1 1.5 -15 1 1.49728
1765346985.769417036 -15 1 1.5 -15 1 1.4973
1765346985.779660291 -15 1 1.5 -15 1 1.49732
1765346985.789469887 -15 1 1.5 -15 1 1.49734
1765346985.799657152 -15 1 1.5 -15 1 1.49736
1765346985.809629727 -15 1 1.5 -15 1 1.49739
1765346985.819221510 -15 1 1.5 -15 1 1.49741
1765346985.829353464 -15 1 1.5 -15 1 1.49743
1765346985.839448133 -15 1 1.5 -15 1 1.49745
1765346985.849270178 -15 1 1.5 -15 1 1.49747
1765346985.859334942 -15 1 1.5 -15 1 1.49749
1765346985.869231521 -15 1 1.5 -15 1 1.49751
1765346985.879245813 -15 1 1.5 -15 1 1.49753
1765346985.889627671 -15 1 1.5 -15 1 1.49755
1765346985.899179520 -15 1 1.5 -15 1 1.49757
1765346985.909196123 -15 1 1.5 -15 1 1.49759
1765346985.919236855 -15 1 1.5 -15 1 1.49761
1765346985.929134589 -15 1 1.5 -15 1 1.49762
1765346985.939206413 -15 1 1.5 -15 1 1.49764
1765346985.949502596 -15 1 1.5 -15 1 1.49766
1765346985.959200523 -15 1 1.5 -15 1 1.49768
1765346985.970161457 -15 1 1.5 -15 1 1.4977
1765346985.979232438 -15 1 1.5 -15 1 1.49772
1765346985.989181361 -15 1 1.5 -15 1 1.49774
1765346985.999183383 -15 1 1.5 -15 1 1.49775
1765346986.009084961 -15 1 1.5 -15 1 1.49777
1765346986.019293513 -15 1 1.5 -15 1 1.49779
1765346986.030335770 -15 1 1.5 -15 1 1.49781
1765346986.039390185 -15 1 1.5 -15 1 1.49783
1765346986.049496982 -15 1 1.5 -15 1 1.49784
1765346986.059365061 -15 1 1.5 -15 1 1.49786
1765346986.069475525 -15 1 1.5 -15 1 1.49788
1765346986.079739784 -15 1 1.5 -15 1 1.49789
1765346986.089516358 -15 1 1.5 -15 1 1.49791
1765346986.099442097 -15 1 1.5 -15 1 1.49793
1765346986.109303392 -15 1 1.5 -15 1 1.49794
1765346986.119360894 -15 1 1.5 -15 1 1.49796
1765346986.129379218 -15 1 1.5 -15 1 1.49798
1765346986.139130123 -15 1 1.5 -15 1 1.49799
1765346986.149339820 -15 1 1.5 -15 1 1.49801
1765346986.159187736 -15 1 1.5 -15 1 1.49802
1765346986.169371255 -15 1 1.5 -15 1 1.49804
1765346986.179277452 -15 1 1.5 -15 1 1.49806
1765346986.189241215 -15 1 1.5 -15 1 1.49807
1765346986.199661238 -15 1 1.5 -15 1 1.49809
1765346986.209433870 -15 1 1.5 -15 1 1.4981
1765346986.219509264 -15 1 1.5 -15 1 1.49812
1765346986.229559690 -15 1 1.5 -15 1 1.49813
1765346986.239536250 -15 1 1.5 -15 1 1.49815
1765346986.249232526 -15 1 1.5 -15 1 1.49816
1765346986.259559155 -15 1 1.5 -15 1 1.49818
1765346986.269403383 -15 1 1.5 -15 1 1.49819
1765346986.279793718 -15 1 1.5 -15 1 1.49821
1765346986.289377788 -15 1 1.5 -15 1 1.49822
1765346986.299505426 -15 1 1.5 -15 1 1.49823
1765346986.309636919 -15 1 1.5 -15 1 1.49825
1765346986.319371453 -15 1 1.5 -15 1 1.49826
1765346986.329584539 -15 1 1.5 -15 1 1.49828
1765346986.339495312 -15 1 1.5 -15 1 1.49829
1765346986.351947786 -15 1 1.5 -15 1 1.4983
1765346986.359646515 -15 1 1.5 -15 1 1.49832
1765346986.370641938 -15 1 1.5 -15 1 1.49833
1765346986.379253158 -15 1 1.5 -15 1 1.49834
1765346986.391274847 -15 1 1.5 -15 1 1.49835
1765346986.399656422 -15 1 1.5 -15 1 1.49836
1765346986.409584669 -15 1 1.5 -15 1 1.49837
1765346986.423148182 -15 1 1.5 -15 1 1.49839
1765346986.429590876 -15 1 1.5 -15 1 1.4984
1765346986.439105668 -15 1 1.5 -15 1 1.49841
1765346986.450819911 -15 1 1.5 -15 1 1.49842
1765346986.460346477 -15 1 1.5 -15 1 1.49843
1765346986.469533274 -15 1 1.5 -15 1 1.49845
1765346986.479465178 -15 1 1.5 -15 1 1.49845
1765346986.489936709 -15 1 1.5 -15 1 1.49847
1765346986.500408052 -15 1 1.5 -15 1 1.49847
1765346986.509571242 -15 1 1.5 -15 1 1.49848
1765346986.519586602 -15 1 1.5 -15 1 1.49849
1765346986.530047796 -15 1 1.5 -15 1 1.4985
1765346986.539440710 -15 1 1.5 -15 1 1.49851
1765346986.549449439 -15 1 1.5 -15 1 1.49853
1765346986.560589350 -15 1 1.5 -15 1 1.49854
1765346986.571506483 -15 1 1.5 -15 1 1.49855
1765346986.580215684 -15 1 1.5 -15 1 1.49856
1765346986.589043457 -15 1 1.5 -15 1 1.49857
1765346986.599446451 -15 1 1.5 -15 1 1.49858
1765346986.609358139 -15 1 1.5 -15 1 1.49859
1765346986.619814674 -15 1 1.5 -15 1 1.4986
1765346986.629264568 -15 1 1.5 -15 1 1.49861
1765346986.639059041 -15 1 1.5 -15 1 1.49862
1765346986.650327933 -15 1 1.5 -15 1 1.49863
1765346986.659863901 -15 1 1.5 -15 1 1.49864
1765346986.670836455 -15 1 1.5 -15 1 1.49865
1765346986.679464087 -15 1 1.5 -15 1 1.49865
1765346986.689853872 -15 1 1.5 -15 1 1.49866
1765346986.699401163 -15 1 1.5 -15 1 1.49867
1765346986.709798407 -15 1 1.5 -15 1 1.49868
1765346986.719658834 -15 1 1.5 -15 1 1.49869
1765346986.730310036 -15 1 1.5 -15 1 1.4987
1765346986.739211483 -15 1 1.5 -15 1 1.49871
1765346986.749094003 -15 1 1.5 -15 1 1.49872
1765346986.759424496 -15 1 1.5 -15 1 1.49873
1765346986.769068371 -15 1 1.5 -15 1 1.49874
1765346986.779428742 -15 1 1.5 -15 1 1.49875
1765346986.790837307 -15 1 1.5 -15 1 1.49876
1765346986.799835436 -15 1 1.5 -15 1 1.49876
1765346986.810017067 -15 1 1.5 -15 1 1.49877
1765346986.819224899 -15 1 1.5 -15 1 1.49878
1765346986.831265655 -15 1 1.5 -15 1 1.49879
1765346986.839760876 -15 1 1.5 -15 1 1.4988
1765346986.851677336 -15 1 1.5 -15 1 1.49881
1765346986.859143176 -15 1 1.5 -15 1 1.49881
1765346986.869390357 -15 1 1.5 -15 1 1.49882
1765346986.879076455 -15 1 1.5 -15 1 1.49883
1765346986.889029907 -15 1 1.5 -15 1 1.49884
1765346986.899402082 -15 1 1.5 -15 1 1.49885
1765346986.909595472 -15 1 1.5 -15 1 1.49886
1765346986.919239510 -15 1 1.5 -15 1 1.49886
1765346986.929934218 -15 1 1.5 -15 1 1.49887
1765346986.938969871 -15 1 1.5 -15 1 1.49888
1765346986.949868620 -15 1 1.5 -15 1 1.49889
1765346986.959230993 -15 1 1.5 -15 1 1.4989
1765346986.969606080 -15 1 1.5 -15 1 1.49891
1765346986.979094348 -15 1 1.5 -15 1 1.49891
1765346986.989178637 -15 1 1.5 -15 1 1.49892
1765346986.999440957 -15 1 1.5 -15 1 1.49893
1765346987.009378038 -15 1 1.5 -15 1 1.49894
1765346987.020614052 -15 1 1.5 -15 1 1.49895
1765346987.029858088 -15 1 1.5 -15 1 1.49895
1765346987.040293481 -15 1 1.5 -15 1 1.49896
1765346987.049218751 -15 1 1.5 -15 1 1.49897
1765346987.060486049 -15 1 1.5 -15 1 1.49898
1765346987.069176784 -15 1 1.5 -15 1 1.49899
1765346987.080895784 -15 1 1.5 -15 1 1.49899
1765346987.089263727 -15 1 1.5 -15 1 1.499
1765346987.099338600 -15 1 1.5 -15 1 1.49901
1765346987.109610604 -15 1 1.5 -15 1 1.49902
1765346987.119678939 -15 1 1.5 -15 1 1.49902
1765346987.129692969 -15 1 1.5 -15 1 1.49903
1765346987.139737143 -15 1 1.5 -15 1 1.49904
1765346987.150656406 -15 1 1.5 -15 1 1.49905
1765346987.159664617 -15 1 1.5 -15 1 1.49905
1765346987.169668781 -15 1 1.5 -15 1 1.49906
1765346987.179954352 -15 1 1.5 -15 1 1.49907
1765346987.189375991 -15 1 1.5 -15 1 1.49907
1765346987.202131670 -15 1 1.5 -15 1 1.49908
1765346987.209469823 -15 1 1.5 -15 1 1.49909
1765346987.219755746 -15 1 1.5 -15 1 1.4991
1765346987.230309158 -15 1 1.5 -15 1 1.4991
1765346987.239704662 -15 1 1.5 -15 1 1.49911
1765346987.250343382 -15 1 1.5 -15 1 1.49912
1765346987.260245142 -15 1 1.5 -15 1 1.49912
1765346987.278010949 -15 1 1.5 -15 1 1.49913
